Methodo AMCL+ODOM 
-0.05999397367827792,-0.013722986535709582
-0.05999397367827792,-0.013722986535709582
-0.05999397367827792,-0.013722986535709582
-0.05999397367827792,-0.013722986535709582
-0.05999397367827792,-0.013722986535709582
-0.05999397367827792,-0.013722986535709582
-0.05999397367827792,-0.013722986535709582
-0.05999397367827792,-0.013722986535709582
-0.05999397367827792,-0.013722986535709582
-0.05999397367827792,-0.013722986535709582
-0.019508266341623472,-0.20550507997968467
-0.019508266341623472,-0.20550507997968467
-0.019508266341623472,-0.20550507997968467
-0.019508266341623472,-0.20550507997968467
-0.019508266341623472,-0.20550507997968467
-0.019508266341623472,-0.20550507997968467
-0.019508266341623472,-0.20550507997968467
-0.019508266341623472,-0.20550507997968467
-0.019508266341623472,-0.20550507997968467
-0.019508266341623472,-0.20550507997968467
-0.019508266341623472,-0.20550507997968467
-0.019508266341623472,-0.20550507997968467
-0.019508266341623472,-0.20550507997968467
-0.019508266341623472,-0.20550507997968467
-0.019508266341623472,-0.20550507997968467
-0.019508266341623472,-0.20550507997968467
-0.019508266341623472,-0.20550507997968467
-0.019508266341623472,-0.20550507997968467
-0.019508266341623472,-0.20550507997968467
-0.019508266341623472,-0.20550507997968467
-0.019508266341623472,-0.20550507997968467
-0.019508266341623472,-0.20550507997968467
-0.019508266341623472,-0.20550507997968467
-0.019508266341623472,-0.20550507997968467
-0.019508266341623472,-0.20550507997968467
-0.019508266341623472,-0.20550507997968467
0.08551176594857383,-0.12838277711063387
0.6013896784749401,-0.20616389843222463
0.9434011667061044,-0.3782229551916923
1.2062902763789973,-0.5784384557367109
1.2646705114805685,-0.649031027136254
1.3208229930027648,-0.7308770144366414
1.3641380986395584,-0.8119928926951919
1.3641380986395584,-0.8119928926951919
1.400218302271165,-0.8236887110459322
1.400218302271165,-0.8236887110459322
1.3938171774510957,-0.8365167511217015
1.3938171774510957,-0.8365167511217015
1.6566855647936332,-1.0293703915773749
1.6845773666828903,-1.0182293627342804
1.6845773666828903,-1.0182293627342804
1.4127474180471942,-1.413114775815393
1.1509944797306473,-1.8274236104390216
0.9126711893188665,-2.2783601181862445
0.7025121941152815,-2.7209766212516
0.6842051730786776,-2.7608997909010378
0.6840140205382061,-2.7612994715750725
0.6839452405880397,-2.7614444946396275
0.6838963079801734,-2.7615472210403476
0.6838238887588057,-2.761694330832383
0.6837516674992086,-2.7618367566743927
0.6836822217137317,-2.7619702128569266
0.683611555665834,-2.762103427547777
0.6835367878159369,-2.76224176623747
0.6834636013143331,-2.762374696852547
0.6833873589460031,-2.762510794732342
0.6833084513953684,-2.762648950056072
0.6832313600556317,-2.7627815584866937
0.6831497677299745,-2.7629194142081794
0.6830683655388574,-2.763054707676205
0.6829859073920206,-2.763189677754314
0.6829037884033711,-2.7633219140990644
0.6828203462957616,-2.763453908982559
0.6827303056245864,-2.7635937130902306
0.6826441834102155,-2.7637252650795756
0.6825549502709771,-2.763859458767809
0.6824627155827947,-2.763995820714887
0.6823707465162594,-2.764129324611037
0.6822773511214284,-2.7642625257762776
0.6821825312349941,-2.7643954431884565
0.6820863977104425,-2.7645281486234845
0.6819908060176947,-2.7646579048689524
0.4074868153565572,-3.129795134936235
0.10407773000501885,-3.5268185115236257
-0.21128550651041023,-3.914976523388143
2.746080590444766,-4.531040668338638
2.8155582316462557,-4.776059310596714
2.9171559019468503,-5.0708135704375685
2.9171559019468503,-5.0708135704375685
2.9171559019468503,-5.0708135704375685
2.9171559019468503,-5.0708135704375685
2.9171559019468503,-5.0708135704375685
2.9171559019468503,-5.0708135704375685
2.9171559019468503,-5.0708135704375685
2.9171559019468503,-5.0708135704375685
2.9171559019468503,-5.0708135704375685
2.9171559019468503,-5.0708135704375685
2.9171559019468503,-5.0708135704375685
2.9171559019468503,-5.0708135704375685
2.9171559019468503,-5.0708135704375685
2.9171559019468503,-5.0708135704375685
2.9171559019468503,-5.0708135704375685
2.9171559019468503,-5.0708135704375685
2.9171559019468503,-5.0708135704375685
2.9171559019468503,-5.0708135704375685
2.9171559019468503,-5.0708135704375685
2.9171559019468503,-5.0708135704375685
2.9171559019468503,-5.0708135704375685
2.9171559019468503,-5.0708135704375685
2.9171559019468503,-5.0708135704375685
2.9171559019468503,-5.0708135704375685
2.9171559019468503,-5.0708135704375685
2.9171559019468503,-5.0708135704375685
2.9171559019468503,-5.0708135704375685
2.9171559019468503,-5.0708135704375685
2.9171559019468503,-5.0708135704375685
2.9171559019468503,-5.0708135704375685
2.9171559019468503,-5.0708135704375685
2.9171559019468503,-5.0708135704375685
2.9171559019468503,-5.0708135704375685
2.9171559019468503,-5.0708135704375685
2.9171559019468503,-5.0708135704375685
2.9171559019468503,-5.0708135704375685
2.9171559019468503,-5.0708135704375685
2.9171559019468503,-5.0708135704375685
2.9171559019468503,-5.0708135704375685
2.9171559019468503,-5.0708135704375685
2.9171559019468503,-5.0708135704375685
2.9171559019468503,-5.0708135704375685
2.9171559019468503,-5.0708135704375685
2.9171559019468503,-5.0708135704375685
2.8998689773447293,-5.1977356725005315
2.8998689773447293,-5.1977356725005315
2.8998689773447293,-5.1977356725005315
2.8998689773447293,-5.1977356725005315
2.8998689773447293,-5.1977356725005315
2.8998689773447293,-5.1977356725005315
2.8998689773447293,-5.1977356725005315
2.8998689773447293,-5.1977356725005315
2.8998689773447293,-5.1977356725005315
2.8998689773447293,-5.1977356725005315
2.8998689773447293,-5.1977356725005315
2.8998689773447293,-5.1977356725005315
2.8998689773447293,-5.1977356725005315
2.8998689773447293,-5.1977356725005315
2.8998689773447293,-5.1977356725005315
2.8998689773447293,-5.1977356725005315
2.8998689773447293,-5.1977356725005315
2.8998689773447293,-5.1977356725005315
2.8998689773447293,-5.1977356725005315
2.8998689773447293,-5.1977356725005315
2.8998689773447293,-5.1977356725005315
2.8998689773447293,-5.1977356725005315
2.86204923846415,-5.260560965111052
2.838021813015914,-5.400973970838026
2.800173901941547,-5.483601288887873
2.7562568545712196,-5.5040819660735085
2.7691257705882975,-5.690190912187724
2.7691257705882975,-5.690190912187724
2.775906815890104,-5.816644399882158
2.813127897647605,-5.992541343671321
2.8068243856751183,-5.999176032013961
2.801527377012023,-5.962487671376351
2.7079513223013034,-5.9511126506040775
2.6374599872408364,-6.071153490959973
2.555901779228804,-6.160681962368939
2.5527340267140644,-6.381906711035553
3.24935655380791,-6.627521106748615
3.236399431439715,-6.512171690818994
3.4264354606788885,-7.094277130627063
3.3864798544711188,-7.122173571218302
3.3722911502135764,-7.114574100709699
3.6104602180069603,-7.689723250687197
3.8360887574496862,-8.21892805484629
4.072239667870066,-8.838073993741471
4.1963703271845,-9.27180660110858
4.295599320297232,-9.570567224951812
4.342112632708831,-9.665246564495526
4.367173326573113,-9.711824952934185
4.366234378089578,-9.712748544436542
4.372221204271136,-9.721299579649466
4.372227516472239,-9.721556642782755
4.372221204271136,-9.721299579649466
4.372221204271136,-9.721299579649466
4.372221204271136,-9.721299579649466
4.372221204271136,-9.721299579649466
4.372221204271136,-9.721299579649466
4.372221204271136,-9.721299579649466
4.372221204271136,-9.721299579649466
4.372221204271136,-9.721299579649466
4.372221204271136,-9.721299579649466
4.372221204271136,-9.721299579649466
4.372221204271136,-9.721299579649466
4.372221204271136,-9.721299579649466
4.372221204271136,-9.721299579649466
4.372221204271136,-9.721299579649466
4.372221204271136,-9.721299579649466
4.372221204271136,-9.721299579649466
4.372221204271136,-9.721299579649466
4.372221204271136,-9.721299579649466
4.372221204271136,-9.721299579649466
4.372221204271136,-9.721299579649466
4.372221204271136,-9.721299579649466
4.372221204271136,-9.721299579649466
4.372221204271136,-9.721299579649466
4.372221204271136,-9.721299579649466
4.372221204271136,-9.721299579649466
4.372221204271136,-9.721299579649466
4.372221204271136,-9.721299579649466
4.372221204271136,-9.721299579649466
4.372221204271136,-9.721299579649466
4.372221204271136,-9.721299579649466
4.372221204271136,-9.721299579649466
4.372221204271136,-9.721299579649466
4.372221204271136,-9.721299579649466
4.372221204271136,-9.721299579649466
4.372221204271136,-9.721299579649466
4.372221204271136,-9.721299579649466
4.372221204271136,-9.721299579649466
4.372221204271136,-9.721299579649466
4.372221204271136,-9.721299579649466
4.372221204271136,-9.721299579649466
4.3706574304566645,-9.790250607157697
4.3706574304566645,-9.790250607157697
4.3706574304566645,-9.790250607157697
4.432118279876393,-9.832191214071624
4.432118279876393,-9.832191214071624
4.432118279876393,-9.832191214071624
4.432118279876393,-9.832191214071624
4.432118279876393,-9.832191214071624
4.432118279876393,-9.832191214071624
4.432118279876393,-9.832191214071624
4.432118279876393,-9.832191214071624
4.432118279876393,-9.832191214071624
4.432118279876393,-9.832191214071624
4.965422453561023,-9.82427477758949
5.367220237804883,-9.666801888497092
5.863091989353406,-9.425827094554368
6.256869850705756,-9.22569187755382
6.743676661185488,-8.993185896782956
7.252760367236188,-8.788314134824816
7.668162039602825,-8.656838173869396
7.986580511619053,-8.57865100450869
8.209295876759123,-8.545958700803284
8.321195411960108,-8.529637553961653
8.321195411960108,-8.529637553961653
8.321195411960108,-8.529637553961653
8.321195411960108,-8.529637553961653
8.321195411960108,-8.529637553961653
8.321195411960108,-8.529637553961653
8.321195411960108,-8.529637553961653
8.321195411960108,-8.529637553961653
8.321195411960108,-8.529637553961653
8.321195411960108,-8.529637553961653
8.321195411960108,-8.529637553961653
8.321195411960108,-8.529637553961653
8.321195411960108,-8.529637553961653
8.321195411960108,-8.529637553961653
8.321195411960108,-8.529637553961653
8.321195411960108,-8.529637553961653
8.321195411960108,-8.529637553961653
8.321195411960108,-8.529637553961653
13.232577994673985,-6.9418467264011365
13.232577994673985,-6.9418467264011365
13.232577994673985,-6.9418467264011365
13.232577994673985,-6.9418467264011365
13.232577994673985,-6.9418467264011365
13.232577994673985,-6.9418467264011365
13.232577994673985,-6.9418467264011365
8.565465557467615,-8.413381865207228
8.565465557467615,-8.413381865207228
8.565465557467615,-8.413381865207228
8.565465557467615,-8.413381865207228
8.565465557467615,-8.413381865207228
8.565465557467615,-8.413381865207228
8.565465557467615,-8.413381865207228
8.797257092394599,-8.365173794934691
9.358456556630477,-8.164500852221847
9.851563361811934,-7.940576068767181
10.223502612992666,-7.788934941307514
10.60333864918901,-7.6426051225944525
11.160879407860751,-7.45711709201354
11.608641929231558,-7.319279821829525
12.069585281265221,-7.172362662577734
12.44483251617664,-7.081847404040765
12.68729555600059,-7.031089003065845
12.810032498110623,-7.002583783367077
12.810032498110623,-7.002583783367077
12.810032498110623,-7.002583783367077
12.810032498110623,-7.002583783367077
12.810032498110623,-7.002583783367077
12.810032498110623,-7.002583783367077
12.810032498110623,-7.002583783367077
12.810032498110623,-7.002583783367077
12.810032498110623,-7.002583783367077
12.810032498110623,-7.002583783367077
12.810032498110623,-7.002583783367077
12.810032498110623,-7.002583783367077
12.810032498110623,-7.002583783367077
12.810032498110623,-7.002583783367077
12.810032498110623,-7.002583783367077
12.810032498110623,-7.002583783367077
12.810032498110623,-7.002583783367077
12.946154569249305,-6.983041695925704
13.496732576029908,-6.897344644760681
13.880622084786554,-6.806178776024243
14.380294469862786,-6.650904641780283
14.920837262078903,-6.422758269149126
15.283332979574894,-6.3107476006057786
15.82026792581494,-6.199084327301489
16.366177851805173,-6.094255012697946
16.763125373889082,-5.995326300420298
17.111142544797413,-5.856471212944521
17.214195696837507,-5.804750464681477
17.315614972707824,-5.754532388013964
17.368575478044125,-5.722620865981421
17.368292781222163,-5.721187445400514
17.36752228255471,-5.71129653094021
17.36752228255471,-5.71129653094021
17.36752228255471,-5.71129653094021
17.36752228255471,-5.71129653094021
17.51796911334063,-5.4504420444728865
17.51796911334063,-5.4504420444728865
17.51796911334063,-5.4504420444728865
17.51796911334063,-5.4504420444728865
17.51796911334063,-5.4504420444728865
17.51796911334063,-5.4504420444728865
17.51796911334063,-5.4504420444728865
17.51796911334063,-5.4504420444728865
17.51796911334063,-5.4504420444728865
17.51796911334063,-5.4504420444728865
17.51796911334063,-5.4504420444728865
17.51796911334063,-5.4504420444728865
17.51796911334063,-5.4504420444728865
17.51796911334063,-5.4504420444728865
17.51796911334063,-5.4504420444728865
17.51796911334063,-5.4504420444728865
17.51796911334063,-5.4504420444728865
17.51796911334063,-5.4504420444728865
17.51796911334063,-5.4504420444728865
17.51796911334063,-5.4504420444728865
17.51796911334063,-5.4504420444728865
17.51796911334063,-5.4504420444728865
17.51796911334063,-5.4504420444728865
17.51796911334063,-5.4504420444728865
17.51796911334063,-5.4504420444728865
17.51796911334063,-5.4504420444728865
17.51796911334063,-5.4504420444728865
17.51796911334063,-5.4504420444728865
17.51796911334063,-5.4504420444728865
17.51796911334063,-5.4504420444728865
17.51796911334063,-5.4504420444728865
17.51796911334063,-5.4504420444728865
17.51796911334063,-5.4504420444728865
17.51796911334063,-5.4504420444728865
17.51796911334063,-5.4504420444728865
17.40460716340144,-5.287689308863467
17.40460716340144,-5.287689308863467
17.347162884281975,-5.279179357835827
17.25892249624622,-5.180747208422323
17.01631453790493,-4.642550522595611
16.972736202861363,-4.549847635579559
17.11488488051117,-4.79880313216337
17.27524011785269,-5.080691854749381
17.512313074166546,-5.509325531224984
17.755248740573983,-5.957865138772646
17.986885976672493,-6.389660628899359
18.223209882102275,-6.831484951889094
18.381556649999773,-7.122568078018978
18.464642908907884,-7.278014930811923
16.032423987695445,-1.5183095444047938
16.032423987695445,-1.5183095444047938
16.032423987695445,-1.5183095444047938
16.032423987695445,-1.5183095444047938
16.032423987695445,-1.5183095444047938
16.032423987695445,-1.5183095444047938
16.032423987695445,-1.5183095444047938
16.032423987695445,-1.5183095444047938
16.032423987695445,-1.5183095444047938
16.032423987695445,-1.5183095444047938
16.032423987695445,-1.5183095444047938
16.032423987695445,-1.5183095444047938
16.032423987695445,-1.5183095444047938
16.032423987695445,-1.5183095444047938
16.032423987695445,-1.5183095444047938
16.032423987695445,-1.5183095444047938
16.032423987695445,-1.5183095444047938
16.032423987695445,-1.5183095444047938
16.032423987695445,-1.5183095444047938
16.032423987695445,-1.5183095444047938
16.032423987695445,-1.5183095444047938
15.945371576025329,-1.078008146918455
15.857840845942786,-0.6435708336840379
15.844402979664482,-0.540852657571749
15.844402979664482,-0.540852657571749
15.836874068353307,-0.43936533437819547
15.836874068353307,-0.43936533437819547
15.713613189143542,-0.5724508324545459
15.465346063351193,-0.9666675537817982
15.316976013274523,-1.2529921011816108
15.176180625635507,-1.5515458687967674
15.08994639783913,-1.760558546497921
15.08994639783913,-1.760558546497921
15.08994639783913,-1.760558546497921
15.08994639783913,-1.760558546497921
15.08994639783913,-1.760558546497921
15.08994639783913,-1.760558546497921
15.08994639783913,-1.760558546497921
15.08994639783913,-1.760558546497921
15.08994639783913,-1.760558546497921
15.08994639783913,-1.760558546497921
15.08994639783913,-1.760558546497921
15.08994639783913,-1.760558546497921
15.08994639783913,-1.760558546497921
15.08994639783913,-1.760558546497921
15.08994639783913,-1.760558546497921
15.08994639783913,-1.760558546497921
15.08994639783913,-1.760558546497921
15.08994639783913,-1.760558546497921
15.08994639783913,-1.760558546497921
15.823218043139988,-0.8888868992261146
15.823218043139988,-0.8888868992261146
15.81109705545359,-1.1680863026407993
15.892625597915577,-1.7599701100412803
16.029370516888804,-2.2429094542403134
16.188110093074098,-2.7242701135016767
16.16199249416994,-2.446289878817501
16.16201330085913,-2.446359553791462
16.162034192980535,-2.4465991065417136
16.162038138350276,-2.4466694419966317
16.162042797497058,-2.446757017691001
16.162047340493707,-2.446846945940815
16.162052102784617,-2.4469466233369936
16.162056512213223,-2.447048785972824
16.162060526783026,-2.44716016105612
16.159518713904276,-2.3537125605256066
16.151545845618536,-2.041282672620325
16.14869010949935,-1.9121765409584932
16.145140461815153,-1.8551726348965922
16.116699432118235,-1.401062871763584
16.100223777582535,-1.0592022590939671
16.078930493292148,-0.5754415514349405
16.069879345585875,-0.25213658626116464
16.062556884014196,-0.2367704614947237
16.006281646111738,-0.48945819968656545
15.91001911478915,-0.9799216284528414
15.854144696017391,-1.4770017827809512
15.827994505365064,-1.98682011423737
15.816020649798388,-2.48617173121202
15.80081132018785,-2.9758331139620418
15.778856994138877,-3.4855324725164167
15.755491637848815,-3.9850463186690477
15.72591190408132,-4.4942386931153155
15.721333522839785,-0.548711731010289
15.533090272282896,-0.0211787016324991
15.391667095333622,0.40134432678430826
15.226082787879315,0.9188160266977154
15.094847014197718,1.3403332749355135
14.925136817124368,1.8609782403187016
14.782206809378433,2.2805190902464285
14.5922774363993,2.7873023869901963
14.407494479429081,3.2906650901578303
14.313241634446657,3.5834211831812905
14.28756600053995,3.6876920722925437
14.270448174631868,3.792410249201623
14.270448174631868,3.792410249201623
14.270448174631868,3.792410249201623
14.270448174631868,3.792410249201623
14.270448174631868,3.792410249201623
14.270448174631868,3.792410249201623
14.270448174631868,3.792410249201623
14.270448174631868,3.792410249201623
14.270448174631868,3.792410249201623
14.270448174631868,3.792410249201623
14.270448174631868,3.792410249201623
14.270448174631868,3.792410249201623
14.270448174631868,3.792410249201623
14.270448174631868,3.792410249201623
14.270448174631868,3.792410249201623
14.270448174631868,3.792410249201623
14.270448174631868,3.792410249201623
14.270448174631868,3.792410249201623
14.270448174631868,3.792410249201623
14.270448174631868,3.792410249201623
14.270448174631868,3.792410249201623
14.270448174631868,3.792410249201623
14.270448174631868,3.792410249201623
14.270448174631868,3.792410249201623
14.270448174631868,3.792410249201623
14.270448174631868,3.792410249201623
14.270448174631868,3.792410249201623
14.270448174631868,3.792410249201623
14.270448174631868,3.792410249201623
14.270448174631868,3.792410249201623
14.270448174631868,3.792410249201623
14.31316658615662,3.9056826089100496
14.31316658615662,3.9056826089100496
14.31316658615662,3.9056826089100496
14.31316658615662,3.9056826089100496
14.31316658615662,3.9056826089100496
14.31316658615662,3.9056826089100496
14.31316658615662,3.9056826089100496
14.094056162133626,4.164017675181651
13.941021057769243,4.606523751897794
13.87641388517335,4.809638166330585
13.819110099581494,5.010915020074061
13.78891622908337,5.114655385416243
13.78891622908337,5.114655385416243
13.765335421308421,5.165651346965998
13.765335421308421,5.165651346965998
13.765335421308421,5.165651346965998
13.74378198467956,5.183825860060846
13.486604529599656,5.362769717256163
13.486604529599656,5.362769717256163
13.486604529599656,5.362769717256163
13.370054088289782,5.148236711056799
13.462505759981712,5.3066639389216546
13.428083697468285,5.29054746277908
13.136501275743282,4.897311201375628
12.868906949765455,4.462946735351394
12.62477014010307,4.038079713269904
12.436440174129151,3.699103619891562
12.436490638922672,3.699216218711391
12.436534671874359,3.699293921308487
12.436566736524059,3.6993470518624845
12.436620536691633,3.699437613200046
12.436659419226038,3.6995021845894653
12.436714199755883,3.6995928975366708
12.436764028859265,3.699674330204508
12.436812048173264,3.699752011368676
12.436863075751978,3.699833756764952
12.436914014792716,3.6999145145530603
12.436967011992765,3.6999974535739417
12.437018712320775,3.700077288833991
12.437073314563293,3.7001602671189167
12.437127461198177,3.700241485257833
12.43718100304216,3.7003209192722037
12.437237551359217,3.7004035991695146
12.437292613071847,3.700482924572209
12.437348320891184,3.700562190884443
12.437408205088337,3.700646194104997
12.437466476490295,3.7007268962513313
12.43752425789961,3.7008058978922618
12.4375851100732,3.7008880297485502
12.140324051689337,3.3004680113478413
11.841303723805932,2.8990996833566802
11.641152438917677,2.632774182725181
11.737335584517146,2.7708677216444455
11.52234509984632,2.4650756077113085
11.404916353912212,2.3011505465237283
12.547902446432836,8.800199317347653
12.547902446432836,8.800199317347653
12.547902446432836,8.800199317347653
12.547902446432836,8.800199317347653
12.547902446432836,8.800199317347653
12.547902446432836,8.800199317347653
12.547902446432836,8.800199317347653
12.547902446432836,8.800199317347653
12.547902446432836,8.800199317347653
12.547902446432836,8.800199317347653
12.547902446432836,8.800199317347653
12.547902446432836,8.800199317347653
12.547902446432836,8.800199317347653
12.547902446432836,8.800199317347653
12.547902446432836,8.800199317347653
12.547902446432836,8.800199317347653
12.547902446432836,8.800199317347653
12.547902446432836,8.800199317347653
12.547902446432836,8.800199317347653
12.547902446432836,8.800199317347653
12.547902446432836,8.800199317347653
12.547902446432836,8.800199317347653
12.547902446432836,8.800199317347653
12.547902446432836,8.800199317347653
12.547902446432836,8.800199317347653
12.547902446432836,8.800199317347653
12.606473971073,8.817224839538774
12.606473971073,8.817224839538774
12.606473971073,8.817224839538774
12.606473971073,8.817224839538774
12.606473971073,8.817224839538774
12.606473971073,8.817224839538774
12.606473971073,8.817224839538774
12.606473971073,8.817224839538774
12.606473971073,8.817224839538774
12.71240862613168,8.826963853865616
12.71240862613168,8.826963853865616
12.71240862613168,8.826963853865616
12.71240862613168,8.826963853865616
12.71240862613168,8.826963853865616
12.575422850406671,9.209314726083477
12.297401146818359,9.57865520258127
12.354904540935227,9.317788642817035
12.490929451971931,8.889963193844538
12.642564747649912,8.409818429394702
12.800430853458915,7.9007976443922505
12.971692974116118,7.314433903669116
13.396897947562687,7.577467181717367
13.806581244204034,7.827453895072949
14.23533076981349,8.084744233761349
14.561755112238206,8.277779240186703
14.678057108314709,8.33911761591471
14.752797748073968,8.365250728064634
14.481073058702602,8.285156586540147
14.006706697210463,8.099552459267866
13.568535728794028,7.880298828906145
13.130583241848388,7.638748196710633
12.687049577776486,7.387068346276642
12.26229055638989,7.142654373112276
11.829677410933645,6.891771123000179
11.3966494267043,6.641667216535275
12.508526226487215,9.282554338359397
12.320131967136641,9.858403567803421
12.160921950822631,10.314094860049043
12.009041391546269,10.770698868313715
11.859428588394124,11.230765389710823
11.709969026458847,11.686135444345991
11.56011707400224,12.138417957346036
11.401829648889462,12.589063831352991
11.19483527330477,13.148199529080001
11.063856903356642,13.48260068005137
10.981138250811002,13.699016819935693
10.898285121823584,13.911286269278188
10.887837824125592,13.93378685606759
10.887667993369133,13.929455936794735
10.887667993369133,13.929455936794735
10.887667993369133,13.929455936794735
10.887667993369133,13.929455936794735
10.887667993369133,13.929455936794735
10.887667993369133,13.929455936794735
10.887667993369133,13.929455936794735
10.887667993369133,13.929455936794735
10.887667993369133,13.929455936794735
10.887667993369133,13.929455936794735
10.887667993369133,13.929455936794735
10.887667993369133,13.929455936794735
10.887667993369133,13.929455936794735
10.887667993369133,13.929455936794735
10.887667993369133,13.929455936794735
10.887667993369133,13.929455936794735
10.887667993369133,13.929455936794735
10.887667993369133,13.929455936794735
10.887667993369133,13.929455936794735
10.887667993369133,13.929455936794735
10.887667993369133,13.929455936794735
11.211587524136611,14.067369968013661
11.442063247008678,14.21817748176888
11.659575903824345,14.402541840646983
11.659575903824345,14.402541840646983
11.659575903824345,14.402541840646983
11.659575903824345,14.402541840646983
11.659575903824345,14.402541840646983
11.659575903824345,14.402541840646983
11.659575903824345,14.402541840646983
11.659575903824345,14.402541840646983
11.659575903824345,14.402541840646983
11.659575903824345,14.402541840646983
11.659575903824345,14.402541840646983
11.725520271000931,14.472169836282102
11.725520271000931,14.472169836282102
11.725520271000931,14.472169836282102
11.725520271000931,14.472169836282102
11.725520271000931,14.472169836282102
11.725520271000931,14.472169836282102
11.725520271000931,14.472169836282102
11.725520271000931,14.472169836282102
11.725520271000931,14.472169836282102
11.725520271000931,14.472169836282102
11.725520271000931,14.472169836282102
11.725520271000931,14.472169836282102
11.725520271000931,14.472169836282102
11.725520271000931,14.472169836282102
11.725520271000931,14.472169836282102
11.725520271000931,14.472169836282102
11.725520271000931,14.472169836282102
11.725520271000931,14.472169836282102
11.725520271000931,14.472169836282102
11.725520271000931,14.472169836282102
11.725520271000931,14.472169836282102
11.725520271000931,14.472169836282102
11.725520271000931,14.472169836282102
11.725520271000931,14.472169836282102
11.725520271000931,14.472169836282102

 Methodo AMCL ONLY 
-0.05999397367827792,-0.013722986535709582
-0.05999397367827792,-0.013722986535709582
-0.05999397367827792,-0.013722986535709582
-0.05999397367827792,-0.013722986535709582
-0.05999397367827792,-0.013722986535709582
-0.05999397367827792,-0.013722986535709582
-0.05999397367827792,-0.013722986535709582
-0.05999397367827792,-0.013722986535709582
-0.05999397367827792,-0.013722986535709582
-0.05999397367827792,-0.013722986535709582
-0.019508266341623472,-0.20550507997968467
-0.019508266341623472,-0.20550507997968467
-0.019508266341623472,-0.20550507997968467
-0.019508266341623472,-0.20550507997968467
-0.019508266341623472,-0.20550507997968467
-0.019508266341623472,-0.20550507997968467
-0.019508266341623472,-0.20550507997968467
-0.019508266341623472,-0.20550507997968467
-0.019508266341623472,-0.20550507997968467
-0.019508266341623472,-0.20550507997968467
-0.019508266341623472,-0.20550507997968467
-0.019508266341623472,-0.20550507997968467
-0.019508266341623472,-0.20550507997968467
-0.019508266341623472,-0.20550507997968467
-0.019508266341623472,-0.20550507997968467
-0.019508266341623472,-0.20550507997968467
-0.019508266341623472,-0.20550507997968467
-0.019508266341623472,-0.20550507997968467
-0.019508266341623472,-0.20550507997968467
-0.019508266341623472,-0.20550507997968467
-0.019508266341623472,-0.20550507997968467
-0.019508266341623472,-0.20550507997968467
-0.019508266341623472,-0.20550507997968467
-0.019508266341623472,-0.20550507997968467
-0.019508266341623472,-0.20550507997968467
-0.019508266341623472,-0.20550507997968467
0.08551176594857383,-0.12838277711063387
0.6013896784749401,-0.20616389843222463
0.9434011667061044,-0.3782229551916923
1.2062902763789973,-0.5784384557367109
1.2646705114805685,-0.649031027136254
1.3208229930027648,-0.7308770144366414
1.3641380986395584,-0.8119928926951919
1.3641380986395584,-0.8119928926951919
1.400218302271165,-0.8236887110459322
1.400218302271165,-0.8236887110459322
1.3938171774510957,-0.8365167511217015
1.3938171774510957,-0.8365167511217015
1.6566855647936332,-1.0293703915773749
1.6845773666828903,-1.0182293627342804
1.6845773666828903,-1.0182293627342804
1.7462686298148267,-1.367559152081614
1.807688475547176,-1.8059250859357872
1.9063804633950125,-2.2708912632108564
2.0325847386461913,-2.74381660310864
2.0671239115357967,-2.8601611067783024
2.0671239115357967,-2.8601611067783024
2.0671239115357967,-2.8601611067783024
2.0671239115357967,-2.8601611067783024
2.0671239115357967,-2.8601611067783024
2.0671239115357967,-2.8601611067783024
2.0671239115357967,-2.8601611067783024
2.0671239115357967,-2.8601611067783024
2.0671239115357967,-2.8601611067783024
2.0671239115357967,-2.8601611067783024
2.0671239115357967,-2.8601611067783024
2.0671239115357967,-2.8601611067783024
2.0671239115357967,-2.8601611067783024
2.0671239115357967,-2.8601611067783024
2.0671239115357967,-2.8601611067783024
2.0671239115357967,-2.8601611067783024
2.0671239115357967,-2.8601611067783024
2.0671239115357967,-2.8601611067783024
2.0671239115357967,-2.8601611067783024
2.0671239115357967,-2.8601611067783024
2.0671239115357967,-2.8601611067783024
2.0671239115357967,-2.8601611067783024
2.0671239115357967,-2.8601611067783024
2.0671239115357967,-2.8601611067783024
2.0671239115357967,-2.8601611067783024
2.031477703837482,-2.650144620312758
2.031477703837482,-2.650144620312758
2.2235965578075527,-2.906984646035457
2.416388562473926,-3.4658448599289824
2.5682080921187094,-4.012661005390648
2.746080590444766,-4.531040668338638
2.8155582316462557,-4.776059310596714
2.9171559019468503,-5.0708135704375685
2.9171559019468503,-5.0708135704375685
2.9171559019468503,-5.0708135704375685
2.9171559019468503,-5.0708135704375685
2.9171559019468503,-5.0708135704375685
2.9171559019468503,-5.0708135704375685
2.9171559019468503,-5.0708135704375685
2.9171559019468503,-5.0708135704375685
2.9171559019468503,-5.0708135704375685
2.9171559019468503,-5.0708135704375685
2.9171559019468503,-5.0708135704375685
2.9171559019468503,-5.0708135704375685
2.9171559019468503,-5.0708135704375685
2.9171559019468503,-5.0708135704375685
2.9171559019468503,-5.0708135704375685
2.9171559019468503,-5.0708135704375685
2.9171559019468503,-5.0708135704375685
2.9171559019468503,-5.0708135704375685
2.9171559019468503,-5.0708135704375685
2.9171559019468503,-5.0708135704375685
2.9171559019468503,-5.0708135704375685
2.9171559019468503,-5.0708135704375685
2.9171559019468503,-5.0708135704375685
2.9171559019468503,-5.0708135704375685
2.9171559019468503,-5.0708135704375685
2.9171559019468503,-5.0708135704375685
2.9171559019468503,-5.0708135704375685
2.9171559019468503,-5.0708135704375685
2.9171559019468503,-5.0708135704375685
2.9171559019468503,-5.0708135704375685
2.9171559019468503,-5.0708135704375685
2.9171559019468503,-5.0708135704375685
2.9171559019468503,-5.0708135704375685
2.9171559019468503,-5.0708135704375685
2.9171559019468503,-5.0708135704375685
2.9171559019468503,-5.0708135704375685
2.9171559019468503,-5.0708135704375685
2.9171559019468503,-5.0708135704375685
2.9171559019468503,-5.0708135704375685
2.9171559019468503,-5.0708135704375685
2.9171559019468503,-5.0708135704375685
2.9171559019468503,-5.0708135704375685
2.9171559019468503,-5.0708135704375685
2.9171559019468503,-5.0708135704375685
2.8998689773447293,-5.1977356725005315
2.8998689773447293,-5.1977356725005315
2.8998689773447293,-5.1977356725005315
2.8998689773447293,-5.1977356725005315
2.8998689773447293,-5.1977356725005315
2.8998689773447293,-5.1977356725005315
2.8998689773447293,-5.1977356725005315
2.8998689773447293,-5.1977356725005315
2.8998689773447293,-5.1977356725005315
2.8998689773447293,-5.1977356725005315
2.8998689773447293,-5.1977356725005315
2.8998689773447293,-5.1977356725005315
2.8998689773447293,-5.1977356725005315
2.8998689773447293,-5.1977356725005315
2.8998689773447293,-5.1977356725005315
2.8998689773447293,-5.1977356725005315
2.8998689773447293,-5.1977356725005315
2.8998689773447293,-5.1977356725005315
2.8998689773447293,-5.1977356725005315
2.8998689773447293,-5.1977356725005315
2.8998689773447293,-5.1977356725005315
2.8998689773447293,-5.1977356725005315
2.86204923846415,-5.260560965111052
2.838021813015914,-5.400973970838026
2.800173901941547,-5.483601288887873
2.7562568545712196,-5.5040819660735085
2.7691257705882975,-5.690190912187724
2.7691257705882975,-5.690190912187724
2.775906815890104,-5.816644399882158
2.813127897647605,-5.992541343671321
2.8068243856751183,-5.999176032013961
2.801527377012023,-5.962487671376351
2.7079513223013034,-5.9511126506040775
2.6374599872408364,-6.071153490959973
2.555901779228804,-6.160681962368939
2.5527340267140644,-6.381906711035553
3.24935655380791,-6.627521106748615
3.236399431439715,-6.512171690818994
3.4264354606788885,-7.094277130627063
3.3864798544711188,-7.122173571218302
3.3722911502135764,-7.114574100709699
3.6104602180069603,-7.689723250687197
3.8360887574496862,-8.21892805484629
4.072239667870066,-8.838073993741471
4.1963703271845,-9.27180660110858
4.295599320297232,-9.570567224951812
4.342112632708831,-9.665246564495526
4.367173326573113,-9.711824952934185
4.366234378089578,-9.712748544436542
4.372221204271136,-9.721299579649466
4.372221204271136,-9.721299579649466
4.372221204271136,-9.721299579649466
4.372221204271136,-9.721299579649466
4.372221204271136,-9.721299579649466
4.372221204271136,-9.721299579649466
4.372221204271136,-9.721299579649466
4.372221204271136,-9.721299579649466
4.372221204271136,-9.721299579649466
4.372221204271136,-9.721299579649466
4.372221204271136,-9.721299579649466
4.372221204271136,-9.721299579649466
4.372221204271136,-9.721299579649466
4.372221204271136,-9.721299579649466
4.372221204271136,-9.721299579649466
4.372221204271136,-9.721299579649466
4.372221204271136,-9.721299579649466
4.372221204271136,-9.721299579649466
4.372221204271136,-9.721299579649466
4.372221204271136,-9.721299579649466
4.372221204271136,-9.721299579649466
4.372221204271136,-9.721299579649466
4.372221204271136,-9.721299579649466
4.372221204271136,-9.721299579649466
4.372221204271136,-9.721299579649466
4.372221204271136,-9.721299579649466
4.372221204271136,-9.721299579649466
4.372221204271136,-9.721299579649466
4.372221204271136,-9.721299579649466
4.372221204271136,-9.721299579649466
4.372221204271136,-9.721299579649466
4.372221204271136,-9.721299579649466
4.372221204271136,-9.721299579649466
4.372221204271136,-9.721299579649466
4.372221204271136,-9.721299579649466
4.372221204271136,-9.721299579649466
4.372221204271136,-9.721299579649466
4.372221204271136,-9.721299579649466
4.372221204271136,-9.721299579649466
4.372221204271136,-9.721299579649466
4.372221204271136,-9.721299579649466
4.372221204271136,-9.721299579649466
4.3706574304566645,-9.790250607157697
4.3706574304566645,-9.790250607157697
4.3706574304566645,-9.790250607157697
4.432118279876393,-9.832191214071624
4.432118279876393,-9.832191214071624
4.432118279876393,-9.832191214071624
4.432118279876393,-9.832191214071624
4.432118279876393,-9.832191214071624
4.432118279876393,-9.832191214071624
4.432118279876393,-9.832191214071624
4.432118279876393,-9.832191214071624
4.432118279876393,-9.832191214071624
4.432118279876393,-9.832191214071624
4.965422453561023,-9.82427477758949
5.367220237804883,-9.666801888497092
5.863091989353406,-9.425827094554368
6.256869850705756,-9.22569187755382
6.743676661185488,-8.993185896782956
7.252760367236188,-8.788314134824816
7.668162039602825,-8.656838173869396
7.986580511619053,-8.57865100450869
8.209295876759123,-8.545958700803284
8.321195411960108,-8.529637553961653
8.321195411960108,-8.529637553961653
8.321195411960108,-8.529637553961653
8.321195411960108,-8.529637553961653
8.321195411960108,-8.529637553961653
8.321195411960108,-8.529637553961653
8.321195411960108,-8.529637553961653
8.321195411960108,-8.529637553961653
8.321195411960108,-8.529637553961653
8.321195411960108,-8.529637553961653
8.321195411960108,-8.529637553961653
8.321195411960108,-8.529637553961653
8.321195411960108,-8.529637553961653
8.321195411960108,-8.529637553961653
8.321195411960108,-8.529637553961653
8.321195411960108,-8.529637553961653
8.321195411960108,-8.529637553961653
8.321195411960108,-8.529637553961653
13.232577994673985,-6.9418467264011365
13.232577994673985,-6.9418467264011365
13.232577994673985,-6.9418467264011365
13.232577994673985,-6.9418467264011365
13.232577994673985,-6.9418467264011365
13.232577994673985,-6.9418467264011365
13.232577994673985,-6.9418467264011365
8.565465557467615,-8.413381865207228
8.565465557467615,-8.413381865207228
8.565465557467615,-8.413381865207228
8.565465557467615,-8.413381865207228
8.565465557467615,-8.413381865207228
8.565465557467615,-8.413381865207228
8.565465557467615,-8.413381865207228
8.797257092394599,-8.365173794934691
9.358456556630477,-8.164500852221847
9.851563361811934,-7.940576068767181
10.223502612992666,-7.788934941307514
10.60333864918901,-7.6426051225944525
11.160879407860751,-7.45711709201354
11.608641929231558,-7.319279821829525
12.069585281265221,-7.172362662577734
12.44483251617664,-7.081847404040765
12.68729555600059,-7.031089003065845
12.810032498110623,-7.002583783367077
12.810032498110623,-7.002583783367077
12.810032498110623,-7.002583783367077
12.810032498110623,-7.002583783367077
12.810032498110623,-7.002583783367077
12.810032498110623,-7.002583783367077
12.810032498110623,-7.002583783367077
12.810032498110623,-7.002583783367077
12.810032498110623,-7.002583783367077
12.810032498110623,-7.002583783367077
12.810032498110623,-7.002583783367077
12.810032498110623,-7.002583783367077
12.810032498110623,-7.002583783367077
12.810032498110623,-7.002583783367077
12.810032498110623,-7.002583783367077
12.810032498110623,-7.002583783367077
12.810032498110623,-7.002583783367077
12.946154569249305,-6.983041695925704
13.496732576029908,-6.897344644760681
13.880622084786554,-6.806178776024243
14.380294469862786,-6.650904641780283
14.920837262078903,-6.422758269149126
15.283332979574894,-6.3107476006057786
15.82026792581494,-6.199084327301489
16.366177851805173,-6.094255012697946
16.763125373889082,-5.995326300420298
17.111142544797413,-5.856471212944521
17.214195696837507,-5.804750464681477
17.315614972707824,-5.754532388013964
17.368575478044125,-5.722620865981421
17.368292781222163,-5.721187445400514
17.36752228255471,-5.71129653094021
17.36752228255471,-5.71129653094021
17.36752228255471,-5.71129653094021
17.36752228255471,-5.71129653094021
17.51796911334063,-5.4504420444728865
17.51796911334063,-5.4504420444728865
17.51796911334063,-5.4504420444728865
17.51796911334063,-5.4504420444728865
17.51796911334063,-5.4504420444728865
17.51796911334063,-5.4504420444728865
17.51796911334063,-5.4504420444728865
17.51796911334063,-5.4504420444728865
17.51796911334063,-5.4504420444728865
17.51796911334063,-5.4504420444728865
17.51796911334063,-5.4504420444728865
17.51796911334063,-5.4504420444728865
17.51796911334063,-5.4504420444728865
17.51796911334063,-5.4504420444728865
17.51796911334063,-5.4504420444728865
17.51796911334063,-5.4504420444728865
17.51796911334063,-5.4504420444728865
17.51796911334063,-5.4504420444728865
17.51796911334063,-5.4504420444728865
17.51796911334063,-5.4504420444728865
17.51796911334063,-5.4504420444728865
17.51796911334063,-5.4504420444728865
17.51796911334063,-5.4504420444728865
17.51796911334063,-5.4504420444728865
17.51796911334063,-5.4504420444728865
17.51796911334063,-5.4504420444728865
17.51796911334063,-5.4504420444728865
17.51796911334063,-5.4504420444728865
17.51796911334063,-5.4504420444728865
17.51796911334063,-5.4504420444728865
17.51796911334063,-5.4504420444728865
17.51796911334063,-5.4504420444728865
17.51796911334063,-5.4504420444728865
17.51796911334063,-5.4504420444728865
17.51796911334063,-5.4504420444728865
17.40460716340144,-5.287689308863467
17.40460716340144,-5.287689308863467
17.347162884281975,-5.279179357835827
17.25892249624622,-5.180747208422323
17.01631453790493,-4.642550522595611
16.972736202861363,-4.549847635579559
16.8740552704871,-4.21058485136008
16.832268001396397,-4.091138313890541
16.684656199554205,-3.5353713255244172
16.548040983597364,-3.0662678695932644
16.401684388466254,-2.592102109818678
16.2398855816444,-2.102204612996823
16.108275019294766,-1.7425418062100153
16.032423987695445,-1.5183095444047938
16.032423987695445,-1.5183095444047938
16.032423987695445,-1.5183095444047938
16.032423987695445,-1.5183095444047938
16.032423987695445,-1.5183095444047938
16.032423987695445,-1.5183095444047938
16.032423987695445,-1.5183095444047938
16.032423987695445,-1.5183095444047938
16.032423987695445,-1.5183095444047938
16.032423987695445,-1.5183095444047938
16.032423987695445,-1.5183095444047938
16.032423987695445,-1.5183095444047938
16.032423987695445,-1.5183095444047938
16.032423987695445,-1.5183095444047938
16.032423987695445,-1.5183095444047938
16.032423987695445,-1.5183095444047938
16.032423987695445,-1.5183095444047938
16.032423987695445,-1.5183095444047938
16.032423987695445,-1.5183095444047938
16.032423987695445,-1.5183095444047938
16.032423987695445,-1.5183095444047938
16.032423987695445,-1.5183095444047938
15.945371576025329,-1.078008146918455
15.857840845942786,-0.6435708336840379
15.844402979664482,-0.540852657571749
15.844402979664482,-0.540852657571749
15.836874068353307,-0.43936533437819547
15.836874068353307,-0.43936533437819547
15.713613189143542,-0.5724508324545459
15.465346063351193,-0.9666675537817982
15.316976013274523,-1.2529921011816108
15.176180625635507,-1.5515458687967674
15.08994639783913,-1.760558546497921
15.08994639783913,-1.760558546497921
15.08994639783913,-1.760558546497921
15.08994639783913,-1.760558546497921
15.08994639783913,-1.760558546497921
15.08994639783913,-1.760558546497921
15.08994639783913,-1.760558546497921
15.08994639783913,-1.760558546497921
15.08994639783913,-1.760558546497921
15.08994639783913,-1.760558546497921
15.08994639783913,-1.760558546497921
15.08994639783913,-1.760558546497921
15.08994639783913,-1.760558546497921
15.08994639783913,-1.760558546497921
15.08994639783913,-1.760558546497921
15.08994639783913,-1.760558546497921
15.08994639783913,-1.760558546497921
15.08994639783913,-1.760558546497921
15.08994639783913,-1.760558546497921
15.823218043139988,-0.8888868992261146
15.823218043139988,-0.8888868992261146
15.81109705545359,-1.1680863026407993
15.892625597915577,-1.7599701100412803
16.029370516888804,-2.2429094542403134
16.188110093074098,-2.7242701135016767
16.256401688359038,-2.9432847783059475
16.256401688359038,-2.9432847783059475
16.256401688359038,-2.9432847783059475
16.256401688359038,-2.9432847783059475
16.256401688359038,-2.9432847783059475
16.256401688359038,-2.9432847783059475
16.256401688359038,-2.9432847783059475
16.256401688359038,-2.9432847783059475
16.393494054284428,-3.0400884212664887
16.393494054284428,-3.0400884212664887
16.48529171820693,-3.213563409345609
16.422107527130635,-3.2258152322959908
16.422107527130635,-3.2258152322959908
16.52920354773043,-3.5730190021720056
16.66077412196659,-3.967473611843306
16.82661837633942,-4.4455304867413235
16.910009575819913,-4.707961798852531
16.96835663141793,-4.880932855179118
16.96422471233655,-4.692204745827389
16.914439810602396,-4.328169999372392
16.79402747755128,-3.7497685139572217
16.604802000932306,-3.2901167975794667
16.452691174786988,-2.874432275004855
16.283909225240897,-2.3027833773992614
16.15573167692763,-1.9084145209400845
16.05764232092856,-1.5126604598688627
15.850955389999127,-0.9624709672478882
15.721333522839785,-0.548711731010289
15.533090272282896,-0.0211787016324991
15.391667095333622,0.40134432678430826
15.226082787879315,0.9188160266977154
15.094847014197718,1.3403332749355135
14.925136817124368,1.8609782403187016
14.782206809378433,2.2805190902464285
14.5922774363993,2.7873023869901963
14.407494479429081,3.2906650901578303
14.313241634446657,3.5834211831812905
14.28756600053995,3.6876920722925437
14.270448174631868,3.792410249201623
14.270448174631868,3.792410249201623
14.270448174631868,3.792410249201623
14.270448174631868,3.792410249201623
14.270448174631868,3.792410249201623
14.270448174631868,3.792410249201623
14.270448174631868,3.792410249201623
14.270448174631868,3.792410249201623
14.270448174631868,3.792410249201623
14.270448174631868,3.792410249201623
14.270448174631868,3.792410249201623
14.270448174631868,3.792410249201623
14.270448174631868,3.792410249201623
14.270448174631868,3.792410249201623
14.270448174631868,3.792410249201623
14.270448174631868,3.792410249201623
14.270448174631868,3.792410249201623
14.270448174631868,3.792410249201623
14.270448174631868,3.792410249201623
14.270448174631868,3.792410249201623
14.270448174631868,3.792410249201623
14.270448174631868,3.792410249201623
14.270448174631868,3.792410249201623
14.270448174631868,3.792410249201623
14.270448174631868,3.792410249201623
14.270448174631868,3.792410249201623
14.270448174631868,3.792410249201623
14.270448174631868,3.792410249201623
14.270448174631868,3.792410249201623
14.270448174631868,3.792410249201623
14.270448174631868,3.792410249201623
14.31316658615662,3.9056826089100496
14.31316658615662,3.9056826089100496
14.31316658615662,3.9056826089100496
14.31316658615662,3.9056826089100496
14.31316658615662,3.9056826089100496
14.31316658615662,3.9056826089100496
14.31316658615662,3.9056826089100496
14.094056162133626,4.164017675181651
13.941021057769243,4.606523751897794
13.87641388517335,4.809638166330585
13.819110099581494,5.010915020074061
13.78891622908337,5.114655385416243
13.78891622908337,5.114655385416243
13.765335421308421,5.165651346965998
13.765335421308421,5.165651346965998
13.765335421308421,5.165651346965998
13.74378198467956,5.183825860060846
13.486604529599656,5.362769717256163
13.486604529599656,5.362769717256163
13.486604529599656,5.362769717256163
13.447352811926693,5.582131570710543
13.467161523485103,5.462984515253085
13.488351203930318,5.34621051009517
13.463977341589073,5.874093398199843
13.371101148656827,6.337856285350439
13.285691541998823,6.756688166081111
13.173895521891978,7.2169694528666914
13.173895521891978,7.2169694528666914
13.173895521891978,7.2169694528666914
13.173895521891978,7.2169694528666914
13.173895521891978,7.2169694528666914
13.173895521891978,7.2169694528666914
13.173895521891978,7.2169694528666914
13.173895521891978,7.2169694528666914
13.173895521891978,7.2169694528666914
13.173895521891978,7.2169694528666914
13.173895521891978,7.2169694528666914
13.173895521891978,7.2169694528666914
13.173895521891978,7.2169694528666914
13.173895521891978,7.2169694528666914
13.173895521891978,7.2169694528666914
13.173895521891978,7.2169694528666914
13.173895521891978,7.2169694528666914
13.234682679352565,7.07123491117249
13.234682679352565,7.07123491117249
13.234682679352565,7.07123491117249
13.234682679352565,7.07123491117249
13.234682679352565,7.07123491117249
13.234682679352565,7.07123491117249
13.097694677428763,7.431363199155292
12.870743671353368,7.935826039927316
12.74223707020573,8.308859283069337
12.781926044105028,8.195296641355897
12.676011593747525,8.501445576873087
12.59349157196728,8.706485112936301
12.547902446432836,8.800199317347653
12.547902446432836,8.800199317347653
12.547902446432836,8.800199317347653
12.547902446432836,8.800199317347653
12.547902446432836,8.800199317347653
12.547902446432836,8.800199317347653
12.547902446432836,8.800199317347653
12.547902446432836,8.800199317347653
12.547902446432836,8.800199317347653
12.547902446432836,8.800199317347653
12.547902446432836,8.800199317347653
12.547902446432836,8.800199317347653
12.547902446432836,8.800199317347653
12.547902446432836,8.800199317347653
12.547902446432836,8.800199317347653
12.547902446432836,8.800199317347653
12.547902446432836,8.800199317347653
12.547902446432836,8.800199317347653
12.547902446432836,8.800199317347653
12.547902446432836,8.800199317347653
12.547902446432836,8.800199317347653
12.547902446432836,8.800199317347653
12.547902446432836,8.800199317347653
12.547902446432836,8.800199317347653
12.547902446432836,8.800199317347653
12.547902446432836,8.800199317347653
12.606473971073,8.817224839538774
12.606473971073,8.817224839538774
12.606473971073,8.817224839538774
12.606473971073,8.817224839538774
12.606473971073,8.817224839538774
12.606473971073,8.817224839538774
12.606473971073,8.817224839538774
12.606473971073,8.817224839538774
12.606473971073,8.817224839538774
12.71240862613168,8.826963853865616
12.71240862613168,8.826963853865616
12.71240862613168,8.826963853865616
12.71240862613168,8.826963853865616
12.71240862613168,8.826963853865616
12.575422850406671,9.209314726083477
12.297401146818359,9.57865520258127
12.354904540935227,9.317788642817035
12.490929451971931,8.889963193844538
12.642564747649912,8.409818429394702
12.800430853458915,7.9007976443922505
12.971692974116118,7.314433903669116
13.105711046640552,6.8645647501370926
13.231202044090574,6.372125168376311
13.373502829015806,5.912933315815638
13.47924672353279,5.538253999628549
13.482999564307386,5.51943432979081
13.536345149150387,5.309276950332286
13.529383238339882,5.522758303332487
13.457716787217468,6.0657950625578945
13.40998983741907,6.428828778684365
13.25491906441301,7.005901974730322
13.100549542029647,7.486152223587307
12.960040918303953,7.998130712690633
12.813380294303316,8.366491725920293
12.665857037851799,8.821582675599796
12.508526226487215,9.282554338359397
12.320131967136641,9.858403567803421
12.160921950822631,10.314094860049043
12.009041391546269,10.770698868313715
11.859428588394124,11.230765389710823
11.709969026458847,11.686135444345991
11.56011707400224,12.138417957346036
11.401829648889462,12.589063831352991
11.19483527330477,13.148199529080001
11.063856903356642,13.48260068005137
10.981138250811002,13.699016819935693
10.898285121823584,13.911286269278188
10.887837824125592,13.93378685606759
10.887667993369133,13.929455936794735
10.887667993369133,13.929455936794735
10.887667993369133,13.929455936794735
10.887667993369133,13.929455936794735
10.887667993369133,13.929455936794735
10.887667993369133,13.929455936794735
10.887667993369133,13.929455936794735
10.887667993369133,13.929455936794735
10.887667993369133,13.929455936794735
10.887667993369133,13.929455936794735
10.887667993369133,13.929455936794735
10.887667993369133,13.929455936794735
10.887667993369133,13.929455936794735
10.887667993369133,13.929455936794735
10.887667993369133,13.929455936794735
10.887667993369133,13.929455936794735
10.887667993369133,13.929455936794735
10.887667993369133,13.929455936794735
10.887667993369133,13.929455936794735
10.887667993369133,13.929455936794735
10.887667993369133,13.929455936794735
11.211587524136611,14.067369968013661
11.442063247008678,14.21817748176888
11.659575903824345,14.402541840646983
11.659575903824345,14.402541840646983
11.659575903824345,14.402541840646983
11.659575903824345,14.402541840646983
11.659575903824345,14.402541840646983
11.659575903824345,14.402541840646983
11.659575903824345,14.402541840646983
11.659575903824345,14.402541840646983
11.659575903824345,14.402541840646983
11.659575903824345,14.402541840646983
11.659575903824345,14.402541840646983
11.725520271000931,14.472169836282102
11.725520271000931,14.472169836282102
11.725520271000931,14.472169836282102
11.725520271000931,14.472169836282102
11.725520271000931,14.472169836282102
11.725520271000931,14.472169836282102
11.725520271000931,14.472169836282102
11.725520271000931,14.472169836282102
11.725520271000931,14.472169836282102
11.725520271000931,14.472169836282102
11.725520271000931,14.472169836282102
11.725520271000931,14.472169836282102
11.725520271000931,14.472169836282102
11.725520271000931,14.472169836282102
11.725520271000931,14.472169836282102
11.725520271000931,14.472169836282102
11.725520271000931,14.472169836282102
11.725520271000931,14.472169836282102
11.725520271000931,14.472169836282102
11.725520271000931,14.472169836282102
11.725520271000931,14.472169836282102
11.725520271000931,14.472169836282102
11.725520271000931,14.472169836282102
11.725520271000931,14.472169836282102
11.725520271000931,14.472169836282102

 Methodo ODOM ONLY 
0.0,0.0
5.21631368067488e-05,-1.585012214867081e-06
0.00010592001449566299,-3.598654503427854e-06
0.00016129660438846593,-6.137494495059426e-06
0.0002172421944451481,-9.153128656508843e-06
0.00027615846427512446,-1.2839239913967246e-05
0.000333391327247494,-1.685910376234392e-05
0.0003898380764562608,-2.1247145068002385e-05
0.00044758647775319153,-2.618204756220737e-05
0.0005054683869913167,-3.162569565331313e-05
0.0005623242111924697,-3.740637499911984e-05
0.0006216477876408257,-4.391006352851483e-05
0.0006799537561641215,-5.0751301535864456e-05
0.0007372178141116166,-5.7887017931304746e-05
0.0007946060525861291,-6.542678169413064e-05
0.0008556433245767577,-7.387768224520153e-05
0.0009144719708986543,-8.244456004787172e-05
0.0009734258364529087,-9.150347348361354e-05
0.0010325076510878494,-0.00010102207144808013
0.0010918343007789877,-0.00011108902202442745
0.0011515902012082778,-0.00012175576710409184
0.0012117744855639544,-0.0001330044940408793
0.001271247059723565,-0.00014463185630061035
0.0013335192367941349,-0.00015735528294051143
0.0013936334844633137,-0.00017015781630418735
0.0014563642781930022,-0.00018400469683279148
0.0015179580403325598,-0.00019809135199074754
0.001579628937964859,-0.0002127247345627583
0.0016413840216218795,-0.00022786522274326513
0.001702041967979893,-0.00024324787046023602
0.0017638947319720249,-0.0002594439182918829
0.00182590365450145,-0.00027614219209407453
0.0018892363110186658,-0.00029371333062400563
0.0019514534336967902,-0.00031154167181386477
0.002013602152418752,-0.0003299237950291727
0.0020758727685162683,-0.0003488877375502985
0.17711610845364284,-0.06835134258219186
0.5119626273649241,-0.4148826551840446
0.6884992402277625,-0.7578774927186218
0.7567752251328568,-0.9917330006100337
0.7532308093090305,-1.15195494623129
0.7346292775555856,-1.2542064851447292
0.7297880928772068,-1.3072813318838252
0.7297497043030357,-1.3070159378567325
0.7297866513899519,-1.3072318508790577
0.7299725613245761,-1.3078301645021193
0.7597117879621164,-1.3489517752791
0.7693884001780914,-1.3607355394283285
0.7918282473562736,-1.6202577958726396
0.8147555500375121,-1.573918383704454
0.8171019199790326,-1.5717446824496593
0.5452719713433365,-1.9666300955307718
0.2835190330267896,-2.3809389301544
0.04519574261500888,-2.831875437901623
-0.1649632525885761,-3.2744919409669784
-0.18327027362518006,-3.3144151106164164
-0.18346142616565142,-3.314814791290451
-0.18353020611581794,-3.314959814355006
-0.18357913872368414,-3.315062540755726
-0.18365155794505197,-3.3152096505477617
-0.18372377920464913,-3.3153520763897713
-0.18379322499012596,-3.315485532572305
-0.18386389103802359,-3.3156187472631555
-0.18393865888792083,-3.3157570859528485
-0.18401184538952461,-3.3158900165679257
-0.18408808775785462,-3.3160261144477206
-0.18416699530848932,-3.3161642697714506
-0.18424408664822597,-3.3162968782020723
-0.18432567897388324,-3.316434733923558
-0.1844070811650002,-3.3165700273915837
-0.18448953931183704,-3.3167049974696927
-0.18457165830048652,-3.316837233814443
-0.1846551004080961,-3.3169692286979378
-0.18474514107927137,-3.317109032805609
-0.18483126329364216,-3.317240584794954
-0.18492049643288044,-3.3173747784831877
-0.18501273112106303,-3.3175111404302657
-0.18510470018759828,-3.317644644326416
-0.18519809558242914,-3.317777845491656
-0.1852929154688635,-3.317910762903835
-0.18538904899341502,-3.318043468338863
-0.18548464068616302,-3.318173224584331
-0.4599886313473005,-3.6833104546516133
-0.7633977166988389,-4.080333831239004
-1.078760953214268,-4.468491843103521
-1.4327294760081442,-4.841723781790195
-1.6931246072660426,-5.087719758588145
-1.880197123944561,-5.244556386497722
-1.9420068381712952,-5.2926441515859315
-1.9513882855942524,-5.299911115502824
-1.9511749412359871,-5.299753048690344
-1.9510104634695098,-5.299630802698536
-1.9508412091347453,-5.299505093768972
-1.950664219708499,-5.299374513899195
-1.950485309219277,-5.299244408395287
-1.9503112145125034,-5.299119922685785
-1.9501295133851575,-5.298991926432921
-1.9499521105291737,-5.29886876585205
-1.9497735033619616,-5.29874683276351
-1.9495942385712317,-5.298626356941396
-1.9494142217215988,-5.298507326033118
-1.9492336747357968,-5.2983897737869645
-1.9490526245266122,-5.298273750928378
-1.9488672054837302,-5.298157189321782
-1.948692124536771,-5.298049079534155
-1.948512960991839,-5.297940104201742
-1.948329658758239,-5.297830451261884
-1.9481383901409184,-5.297718283383917
-1.9479613643959035,-5.297616308285879
-1.9477691470033482,-5.297507447636412
-1.9475875054117129,-5.297406611190148
-1.9474016486134982,-5.297305497838304
-1.9472152840914156,-5.29720625321834
-1.9470286686818867,-5.297108419323807
-1.9468380352166694,-5.297010113566278
-1.9466507543147655,-5.296915415286492
-1.946463097819134,-5.296822355177851
-1.9462788679333916,-5.296732706947348
-1.946090330676777,-5.296642827110329
-1.9458981677042761,-5.296552841061001
-1.9457169679087867,-5.296469378760664
-1.9455204458333148,-5.2963805204540515
-1.9453313044072513,-5.2962965720809425
-1.945141961507728,-5.29621420569129
-1.9449562687723334,-5.296135119157062
-1.944766729714099,-5.29605604073752
-1.944577142465955,-5.295978623643899
-1.9443837955469485,-5.295901259180219
-1.944194288536476,-5.295827000750111
-1.9440048325275499,-5.295754335183824
-1.943815402305786,-5.295683114104064
-1.9436297117732988,-5.295614864413366
-1.943436416267597,-5.295545449226273
-1.9432507544025022,-5.2954801448918225
-1.9430613521475608,-5.295414976310913
-1.9428719257705316,-5.2953515687989485
-1.9426825669143981,-5.29528970837898
-1.9424895350372078,-5.295228132437731
-1.9423041858396795,-5.295170461123045
-1.9421151978739677,-5.295113087947188
-1.9419225875091952,-5.295056108807522
-1.9417339352175171,-5.295001757069986
-1.9415454760820992,-5.294948932608903
-1.9413609917766632,-5.294898641971104
-1.9411692142094272,-5.294847840585633
-1.940981469565968,-5.294799481349724
-1.9407977691206637,-5.29475343513251
-1.9406066632706405,-5.294707040579611
-1.940419827012064,-5.294662977321346
-1.9402334956989522,-5.294620460136627
-1.9400510147905696,-5.294580291665297
-1.9398651670836224,-5.29454073972089
-1.9396759820964526,-5.2945019432110385
-2.066209873508412,-5.319261924785479
-2.22416810507667,-5.363143026133581
-2.2940633679359785,-5.385943698876878
-2.3869763969436337,-5.416914487479697
-2.482477935854696,-5.454427968483982
-2.546341087234232,-5.49083238012853
-2.625455908277777,-5.538385863235477
-2.6901916982368115,-5.57903526701952
-2.7040230307408004,-5.58699881783595
-2.7206473148721795,-5.5722971963220145
-2.7609213609804386,-5.527918841402448
-2.998109160918248,-5.522881059572873
-2.9736114553972985,-5.515579058841675
-3.147208147056571,-5.546837473757969
-3.156576111735023,-5.549212399269585
-3.123574493538382,-5.538337387286278
-3.608602910787204,-5.696145591098652
-3.490870696382389,-5.659411524442811
-3.669224413266554,-5.714514539000881
-4.138154609208972,-5.8559622693931574
-4.617311487634969,-5.999020512755477
-5.108557693386394,-6.136100994815729
-5.535864939867465,-6.244955962559296
-5.793816419843097,-6.313877824645655
-5.932511511246144,-6.363515505807524
-5.932436738254249,-6.363218451457307
-5.932639094700693,-6.362990340024305
-5.932681083614809,-6.362778436030504
-5.932674771413706,-6.363035499163793
-5.93265285538687,-6.363279605921667
-5.932628869784383,-6.363507574066879
-5.932605190555847,-6.363733806277443
-5.9325815561429005,-6.363955631206705
-5.932559765503446,-6.364169235545283
-5.932539925820064,-6.364379231057645
-5.932522030605265,-6.364583351729226
-5.9325049687744915,-6.364795682539456
-5.932490381803191,-6.364994824718347
-5.932476126759868,-6.365209580225193
-5.932464115501578,-6.365415339406453
-5.932453793420094,-6.365616205400721
-5.932444364507427,-6.36582449705501
-5.932436798914556,-6.366019803187125
-5.932430228348129,-6.366230576196369
-5.932425132827517,-6.3664324153164085
-5.932421400068808,-6.366625408223159
-5.932418839337178,-6.36682962306379
-5.932417776175182,-6.367032955931652
-5.932418227978266,-6.3672314332236555
-5.93242006562991,-6.367429032241986
-5.932423252572162,-6.367625737365386
-5.932427687385325,-6.367821541172982
-5.932433474437312,-6.368012531782598
-5.932440709895765,-6.368206496140111
-5.9324494055288035,-6.36840336754393
-5.932458869829886,-6.368591587069605
-5.932469869171764,-6.368786507875541
-5.9324819014972325,-6.368976620863865
-5.9324947198671545,-6.369161985202825
-5.932509053631344,-6.3693501333060265
-5.932524398126062,-6.369533507533057
-5.932541768872413,-6.369723285400306
-5.9325601421465,-6.369908265334317
-5.932580211274201,-6.370095838169463
-5.932600650780351,-6.370275187175519
-5.9326228145647,-6.370456736677163
-5.932646279402165,-6.370637366819587
-5.932671570561767,-6.370820431827072
-5.932697617281283,-6.370998607831602
-5.932723642376181,-6.3711686647347845
-5.932751623539842,-6.371344266313539
-5.932781268567789,-6.371522313410833
-5.93281202111198,-6.371699482423707
-5.932843198259345,-6.371871469299172
-5.932874098821208,-6.372035470351791
-5.932907793083999,-6.372208760051466
-5.93294329913262,-6.372384178443059
-5.932977821867034,-6.372548389445009
-5.933014824402021,-6.37271823792312
-5.933051319750752,-6.372880382215736
-5.933087986756037,-6.37303819042152
-5.947607054460922,-6.43076769009462
-6.0470960397376015,-6.930447508211284
-6.106165076104984,-7.426887268168993
-6.14691513881939,-7.935938538452979
-6.184334800740928,-8.414488760284309
-6.239673474693061,-8.920908205380334
-6.324545804853405,-9.40327348216077
-6.456056758030028,-9.882302542776634
-6.585461998319638,-10.225890172703327
-6.671304622169057,-10.417660826986793
-6.708050309012574,-10.491987198975405
-6.708130825578524,-10.492135905031661
-6.708145513949187,-10.492167259379308
-6.708152211440684,-10.492184772058836
-6.708172031966969,-10.492235383946385
-6.708185896738488,-10.492271274970674
-6.708201080286839,-10.49231011893003
-6.7082151152702725,-10.492345359542632
-6.708229951461394,-10.492381768385286
-6.708244824490879,-10.492417509250492
-6.708260024460787,-10.492453278401884
-6.708275994218472,-10.492490066248909
-6.708291837608095,-10.492525794393522
-6.708307597382005,-10.492560655913502
-6.708324297695099,-10.492596902921953
-6.7083408874407064,-10.492632286235565
-6.708357355139791,-10.49266685579492
-6.708374732130362,-10.49270274664479
-6.708392320045351,-10.492738444547957
-6.708409796785079,-10.49277338146229
-6.70842680481665,-10.492806814792292
-6.708444755380895,-10.49284153796635
-6.708462972745294,-10.492876143947605
-6.708481811371813,-10.492911333506086
-6.708500520968883,-10.492945736390997
-6.708519471425761,-10.49298004455576
-6.708539080507377,-10.493014926234142
-6.708557759299912,-10.493047674004185
-6.708578261984429,-10.493083050556034
-6.708597439551959,-10.493115612054158
-6.708618106748923,-10.49315009611101
-6.709316690117311,-10.494289849583595
-6.95640486077025,-10.937759966248148
-7.161184468389655,-11.393778224068159
-7.358651992702351,-11.853251664318005
-7.55402539023627,-12.313574338853348
-7.760556588969508,-12.768867155103791
-7.991565751209742,-13.201047199595148
-8.241473985347394,-13.64565453927402
-8.496102686893426,-14.064255897117759
-8.72830905924354,-14.390567295948005
-8.87303503245582,-14.582688384874654
-8.943003580118425,-14.673970196467646
-8.942935250777701,-14.673915723396002
-8.943036999740704,-14.674053304699633
-8.943062534261077,-14.674088804921169
-8.943069315069067,-14.674098936119258
-8.94309195413004,-14.674126698724097
-8.943115318437895,-14.674154384647075
-8.943133769996146,-14.674175790875307
-8.943153772971106,-14.674198533064704
-8.943171304975454,-14.674218151498904
-8.94318906843616,-14.67423770331265
-8.94320654750527,-14.674256664102447
-8.943223126378792,-14.674274385871776
-8.94323946707351,-14.674291583134853
-8.943255109508733,-14.674307807200401
-8.94326955283414,-14.674322614917562
-8.943283407435462,-14.674336623530579
-9.065796237390703,-14.797133528894365
-9.392606986213917,-15.170884891874042
-9.704876599346775,-15.574209227772757
-9.987881292153466,-15.988166587588209
-10.229523262717626,-16.41723958592543
-10.519648033859553,-16.811613909733
-10.844746911466652,-17.190729175874978
-11.172005460701975,-17.55085857783771
-11.480587840245395,-17.92494764821514
-11.64044761503898,-18.167256601551063
-11.733152747524542,-18.346570459721345
-11.77621697317648,-18.424496340310238
-11.7766613424483,-18.424657857603435
-11.772268831220856,-18.432260411661414
-11.772116975073256,-18.432210321180126
-11.772239346831748,-18.43212942207395
-11.77233832263491,-18.43204845017177
-11.772432305360894,-18.431965130580277
-11.772528342883481,-18.431877207442145
-11.772614620828053,-18.43179678586002
-11.772705255587027,-18.431710874840352
-11.772796217006679,-18.43162339072317
-11.77288465451947,-18.43153726645249
-11.772972322045153,-18.4314507851676
-11.773060826126011,-18.431362329112535
-11.77314544539665,-18.431276759681325
-11.77323111693569,-18.431188937832506
-11.773314451277379,-18.431102300034677
-11.773398882689914,-18.431013340477197
-11.773484452235072,-18.43092215945378
-11.773567665447418,-18.430832175254967
-11.773650277134767,-18.430741696238204
-11.773732285566936,-18.4306507713432
-11.773815187922539,-18.430557560164686
-11.77389297351109,-18.43046891565389
-11.773971378146781,-18.430378378640096
-11.774053989320645,-18.430281646515397
-11.77412971893474,-18.430191822350608
-11.774209651039138,-18.43009584382525
-11.77428749575715,-18.430001233332916
-11.77436457270682,-18.429905925354827
-11.774439510741104,-18.42981198511249
-11.77451693702439,-18.429713707519156
-11.774590783881623,-18.429618819776536
-11.774667052242554,-18.429519570658275
-11.774741290928072,-18.429421839498694
-11.77481190325173,-18.429327512552646
-11.774887712743903,-18.429224813671
-11.774957021618867,-18.429129545514307
-11.775029973017519,-18.429027936800722
-11.775102170273057,-18.428925955306926
-11.754491032479208,-18.454944697830467
-11.75089588919983,-18.458621093790594
-11.749930712456894,-18.45890653899134
-11.725648418008571,-18.45799541216048
-11.724961047649863,-18.458338137861862
-11.563827943901877,-18.669717565285342
-11.305166903915348,-19.07431594922337
-11.239933057993367,-19.183899223830625
-11.09778438034356,-19.432854720414436
-10.93742914300204,-19.714743443000447
-10.700356186688184,-20.14337711947605
-10.457420520280749,-20.591916727023712
-10.225783284182237,-21.023712217150425
-9.989459378752453,-21.46553654014016
-9.831112610854957,-21.756619666270044
-9.748026351946846,-21.91206651906299
-9.738689845946187,-21.930241493431303
-9.738631129887736,-21.93034448829518
-9.738637950292429,-21.93032457894993
-9.73861185363352,-21.93037474897967
-9.738589507275362,-21.930419759524536
-9.73857765599138,-21.93044415047474
-9.738566960274131,-21.93046686433167
-9.738555121196333,-21.930492824934714
-9.738544072456662,-21.9305176451398
-9.738533591058722,-21.93054170324805
-9.738523166056467,-21.930566116079575
-9.738513591675812,-21.930588977349927
-9.738503888040148,-21.93061259396602
-9.738495195715851,-21.930634112347033
-9.738486053822728,-21.930657177107367
-9.738477182411193,-21.930679988815964
-9.738468761516977,-21.93070205894097
-9.738460749561295,-21.930723483840268
-9.73845269709933,-21.930745480191675
-9.738445062821448,-21.9307668170385
-9.738437670931003,-21.930787900498046
-9.593018595367797,-22.352689225122717
-9.460634121536659,-22.739901996497004
-9.433678929611792,-22.838107301884506
-9.41219275426929,-22.935272678462116
-9.408840022889338,-22.961384104374215
-9.405307392265605,-22.98946690301185
-9.279575184206337,-22.720179478117487
-9.092757673631871,-22.28507761082908
-8.985462998336917,-21.951441370209665
-8.92825762028687,-21.708339763616447
-8.898450133604314,-21.531655737245348
-8.898430792911645,-21.531626369559426
-8.89843952349859,-21.53168885214721
-8.89845812794244,-21.531787085043376
-8.898473749572073,-21.53186467335785
-8.898494645460165,-21.53196563970054
-8.898513139803436,-21.53205252605628
-8.898532073146745,-21.532139086048286
-8.898552221568165,-21.53222861513913
-8.89857371905189,-21.53232138404701
-8.89859585221558,-21.532414241818373
-8.898618815173903,-21.5325079140178
-8.898643266493881,-21.532604713417644
-8.898668166751495,-21.532700562065997
-8.898693979354176,-21.532797219313718
-8.898720901849345,-21.53289481970653
-8.898748158352493,-21.532991123476958
-8.898776842357078,-21.53309004458071
-8.898807146460655,-21.533191847613253
-8.898837635518928,-21.533292105687593
-8.89886907965326,-21.53339303896271
-8.81130160429776,-21.133669729833816
-8.813122105330091,-20.635285233753102
-8.853190605601885,-20.13755125970164
-8.899044880052477,-19.650232697589765
-8.925162478956635,-19.37225246290559
-8.925141672267443,-19.37232213787955
-8.925120780146042,-19.3725616906298
-8.925116834776299,-19.37263202608472
-8.925112175629515,-19.37271960177909
-8.925107632632868,-19.372809530028903
-8.925102870341957,-19.37290920742508
-8.925098460913352,-19.37301137006091
-8.925094446343548,-19.373122745144208
-8.927636259222297,-19.279675144613694
-8.93560912750804,-18.967245256708413
-8.938464863627228,-18.83813912504658
-8.942014511311422,-18.78113521898468
-8.97045554100834,-18.327025455851672
-8.986931195544038,-17.985164843182055
-9.008224479834428,-17.50140413552303
-9.0172756275407,-17.178099170349252
-9.024598089112379,-17.16273304558281
-9.080873327014839,-17.415420783774653
-9.177135858337424,-17.90588421254093
-9.233010277109184,-18.40296436686904
-9.259160467761511,-18.912782698325458
-9.271134323328187,-19.412134315300108
-9.286343652938724,-19.90179569805013
-9.308297978987698,-20.411495056604505
-9.33166333527776,-20.911008902757136
-9.361243069045255,-21.420201277203404
-9.394216316078564,-21.909735080421992
-9.428915882941006,-22.387944107722426
-9.473764715090265,-22.895995189775768
-9.522255344981973,-23.404269861519474
-9.575258914061513,-23.900966635987334
-9.628436159586508,-24.388183694734835
-9.684164815542767,-24.895099111314
-9.732239686783416,-25.39328290394468
-9.78248730853658,-25.854319162847442
-9.836272688735786,-26.16495747690866
-9.883189021630153,-26.330905562686958
-9.896027942840016,-26.369165750851426
-9.89607240548863,-26.36933944339239
-9.896103835908846,-26.369468843801037
-9.89615058643815,-26.36965681386454
-9.896182525410802,-26.369781784329966
-9.89622711316474,-26.36995052075589
-9.89626688747196,-26.370096590759896
-9.896308870902113,-26.37024667688048
-9.896351033784759,-26.370393741430007
-9.896394186671836,-26.370541328262263
-9.89643901252571,-26.370691336794838
-9.896485777865172,-26.370844822625305
-9.896533671295622,-26.370998449621457
-9.896580825393267,-26.37114614682275
-9.896630165688126,-26.371297025320885
-9.89668068949028,-26.3714480153443
-9.896733469840433,-26.37160213168032
-9.896785336265278,-26.37175032125805
-9.896839364574777,-26.37190167451352
-9.896895682671772,-26.37205634310736
-9.896950839458421,-26.372204750974184
-9.897009348327037,-26.372359517233026
-9.89706773873276,-26.372511383547376
-9.897127143713853,-26.372663381313057
-9.897186565303954,-26.37281237760086
-9.897249699781653,-26.372967542766126
-9.897312846652222,-26.373119907737436
-9.897377349688071,-26.37327246393427
-9.89744327934088,-26.373425100473487
-9.897510648216365,-26.373577743290483
-9.897577719581948,-26.373727488772296
-9.897648775941382,-26.373883440726928
-9.897721219674697,-26.374039612855917
-9.897790287961643,-26.374186443992176
-9.897864846756049,-26.374342711334627
-9.897939243508686,-26.3744958726113
-9.89801322102253,-26.374646014365396
-9.898748527891652,-26.37610767380824
-10.12265784968728,-26.81617205414854
-10.309598138561178,-27.18865208958322
-10.403433177458005,-27.40721715982934
-10.457937860310869,-27.54965865069026
-10.487844686982116,-27.634629125650772
-10.500601631773796,-27.682859507420567
-10.49887146692952,-27.703769323176886
-10.49891548279372,-27.70367868333069
-10.49872756512969,-27.704483330346005
-10.463152618904122,-27.77161991532447
-10.416048942970994,-28.03841671452813
-10.401895854105007,-27.975704674618083
-10.417093176573479,-28.01589290756031
-10.533643617883353,-28.230425913759674
-10.441191946191424,-28.07199868589482
-10.47561400870485,-28.088115162037393
-10.767196430429854,-28.481351423440845
-11.03479075640768,-28.91571588946508
-11.278927566070065,-29.34058291154657
-11.467257532043984,-29.67955900492491
-11.467207067250463,-29.679446406105082
-11.467163034298776,-29.679368703507986
-11.467130969649077,-29.67931557295399
-11.467077169481502,-29.679225011616428
-11.467038286947098,-29.679160440227008
-11.466983506417252,-29.679069727279803
-11.46693367731387,-29.678988294611965
-11.466885657999871,-29.678910613447798
-11.466834630421157,-29.67882886805152
-11.466783691380419,-29.678748110263413
-11.46673069418037,-29.678665171242532
-11.46667899385236,-29.678585335982483
-11.466624391609843,-29.678502357697557
-11.466570244974958,-29.67842113955864
-11.466516703130976,-29.67834170554427
-11.466460154813918,-29.67825902564696
-11.466405093101288,-29.678179700244264
-11.466349385281951,-29.67810043393203
-11.466289501084798,-29.678016430711477
-11.46623122968284,-29.677935728565142
-11.466173448273524,-29.67785672692421
-11.466112596099935,-29.677774595067923
-11.763373654483798,-30.078194613468632
-12.062393982367203,-30.479562941459793
-12.262545267255458,-30.745888442091292
-12.16636212165599,-30.607794903172028
-12.381352606326816,-30.913587017105165
-12.498781352260924,-31.077512078292745
-12.535935445514188,-31.128533154490118
-12.547094885085965,-31.143582212265088
-12.54784429470304,-31.144586291745625
-12.547727621410765,-31.14443387768188
-12.547638285362599,-31.14431811292761
-12.547525775472645,-31.144173663960117
-12.547420568526569,-31.1440402663398
-12.547314948546598,-31.143908193424803
-12.547205179284724,-31.143772616711303
-12.547096454420357,-31.143639946315602
-12.546984571576433,-31.143504906425726
-12.546869188865115,-31.143367445571613
-12.546754690090241,-31.1432330273676
-12.546641168210897,-31.14310139465727
-12.546521734454421,-31.14296459948791
-12.546405755712751,-31.142833401366833
-12.546288640645026,-31.142702370823272
-12.546163057300072,-31.14256355814827
-12.546041019783999,-31.142430336095146
-12.54591780242902,-31.142297302405225
-12.545793331034558,-31.142164534145504
-12.54567018993477,-31.142034641319423
-12.545540661025827,-31.141899817951398
-12.545412371222648,-31.141767972640544
-12.54528030497778,-31.141633725703215
-12.54515210422975,-31.141505141590827
-12.545022597446586,-31.141376973989985
-12.544886601921707,-31.14124384249853
-12.544751941328597,-31.141113738076886
-12.544618760686488,-31.14098658249847
-12.54448163954846,-31.14085717850661
-12.544340411574009,-31.140725656503776
-12.544200678517898,-31.140597116425887
-12.54406244406468,-31.140471628856726
-12.543917175194885,-31.140341571515947
-12.543773393197037,-31.14021460525061
-12.543628361966457,-31.140088075796523
-12.543481915932219,-31.13996218797241
-12.543334191726823,-31.139836798357283
-12.556695454602158,-31.15099002594726
-12.968368363628905,-31.464842152885865
-13.364970345408086,-31.7350021408747
-12.998754820522478,-31.492604695802665
-12.571936902578022,-31.21358035855677
-12.15181221134673,-30.942585694193685
-11.766726347076014,-30.69759736136291
-11.334785171355687,-30.426600820076537
-10.909580197909118,-30.163567542028286
-10.499896901267771,-29.913580828672703
-10.071147375658315,-29.656290489984304
-9.7447230332336,-29.46325548355895
-9.628421037157096,-29.401917107830943
-9.553680397397837,-29.37578399568102
-9.825405086769203,-29.455878137205506
-10.299771448261342,-29.641482264477787
-10.737942416677777,-29.860735894839507
-11.175894903623417,-30.10228652703502
-11.61942856769532,-30.35396637746901
-12.044187589081915,-30.598380350633377
-12.47680073453816,-30.849263600745473
-12.909828718767505,-31.099367507210378
-13.353839684765967,-31.35043941722618
-13.783554426986655,-31.585881506594735
-14.234267697628754,-31.824726755283308
-14.66934542835515,-32.05016179943333
-15.12545694302251,-32.27847802752664
-15.564809574264558,-32.49544177383059
-16.0230107248265,-32.71972363391328
-16.47046965816676,-32.94391437805426
-16.91304385958386,-33.17572546319442
-17.28211958899299,-33.37096567936859
-17.514453216022297,-33.49122796711482
-17.639198671948506,-33.55175996253394
-17.639249502523366,-33.55200281658963
-17.63929113800739,-33.55228085430866
-17.64526689224169,-33.54416650300467
-17.64515797783818,-33.54436429094102
-17.6450351873368,-33.544555747279894
-17.64489990361209,-33.54476044060446
-17.6447682108456,-33.544959949352815
-17.644639004855165,-33.545157627412124
-17.644515285263108,-33.545349683486286
-17.64438741272665,-33.54555093339503
-17.644263964281283,-33.545747954362675
-17.644142579321162,-33.54594441763235
-17.64402297503577,-33.5461407129141
-17.643905161462296,-33.54633684403112
-17.64378911901291,-33.54653270838618
-17.643674761402856,-33.546728225097155
-17.643564401538598,-33.54691951967285
-17.643453637525464,-33.54711445750774
-17.643342561589744,-33.54731299492297
-17.643237532527642,-33.54750341888507
-17.643132160219068,-33.547697445459974
-17.643026617639627,-33.547895079574516
-17.86595092049507,-33.18986490191108
-18.083200703655326,-32.9451288760165
-18.226324035078143,-32.80880255124875
-18.272083128723,-32.768882270271355
-18.272571177248267,-32.76840898843268
-18.272654783975604,-32.76836141955481
-18.272577216472598,-32.76850100613577
-18.272489280800855,-32.76864745074864
-18.27241122668496,-32.768776360489845
-18.272330032732665,-32.768911044683115
-18.272248161191744,-32.76904842625704
-18.27216822431615,-32.769184291210806
-18.27209024826488,-32.769318628047465
-18.272011693406455,-32.76945589393813
-18.271934094246557,-32.769593697372656
-18.271855857743912,-32.769735033523425
-18.27178011773712,-32.769873752693535
-18.271705163320807,-32.770013086739986
-18.2716324799331,-32.77015005116357
-18.271559141378077,-32.77029006038081
-18.27148363533374,-32.7704361682885
-18.27141595070001,-32.77056892760384
-18.27134064810206,-32.77071904850749
-18.271273058308015,-32.77085567234735
-18.271201969504535,-32.771001241138926
-18.271133109754977,-32.771144410338216
-18.271066428857296,-32.77128516355269
-18.270999258516174,-32.771429281019024
-18.27093179709349,-32.77157687018022
-18.270866637874125,-32.77172212532854
-18.270803558913705,-32.771864951679895
-18.270738764549126,-32.772014134571094
-18.270677395333745,-32.772157978024445
-18.270615602581923,-32.77230521403186
-18.270553426118123,-32.77245586860514
-18.27049220374245,-32.77260704837578
-18.270435446795258,-32.772749827381425
-18.270377136396338,-32.77289928073187
